<?xml version="1.0" encoding="utf-8"?>
<opencv_storage>
   <camera-matrix type_id="opencv-matrix">
      <rows>3</rows>
      <cols>3</cols>
      <dt>d</dt>
      <data>1260.2970208861488572 1.0371542408317485 375.4677619948590177 
0.0000000000000000 1262.0374387906906577 274.5125061984700778 
0.0000000000000000 0.0000000000000000 1.0000000000000000 
</data>
   </camera-matrix>
   <distortion type_id="opencv-matrix">
      <rows>5</rows>
      <cols>1</cols>
      <dt>d</dt>
      <data>-0.1448252058609074 -3.3209124950708202 0.0022022808818137 0.0038551472480781 32.4407355562402273 </data>
   </distortion>
</opencv_storage>