<?xml version="1.0" encoding="utf-8"?>
<opencv_storage>
   <camera-matrix type_id="opencv-matrix">
      <rows>3</rows>
      <cols>3</cols>
      <dt>d</dt>
      <data>1262.4601811895117862 0.0000000000000000 322.1166560450450334 
0.0000000000000000 1262.8462859596215822 249.0535476463021212 
0.0000000000000000 0.0000000000000000 1.0000000000000000 
</data>
   </camera-matrix>
   <distortion type_id="opencv-matrix">
      <rows>5</rows>
      <cols>1</cols>
      <dt>d</dt>
      <data>-0.1957339834093551 -1.4585177797160565 0.0000000000000000 0.0000000000000000 17.8936876783200915 </data>
   </distortion>
</opencv_storage>