<?xml version="1.0" encoding="utf-8"?>
<opencv_storage>
   <camera-matrix type_id="opencv-matrix">
      <rows>3</rows>
      <cols>3</cols>
      <dt>d</dt>
      <data>1275.2773733986525713 0.0000000000000000 340.7643249124273552 
0.0000000000000000 1274.0151878394881351 225.8878260688947250 
0.0000000000000000 0.0000000000000000 1.0000000000000000 
</data>
   </camera-matrix>
   <distortion type_id="opencv-matrix">
      <rows>5</rows>
      <cols>1</cols>
      <dt>d</dt>
      <data>-0.1693990640165405 -2.5147055827562976 0.0000000000000000 0.0000000000000000 35.5458380524084987 </data>
   </distortion>
</opencv_storage>